Level1: 1: 27.2486184
Level2: 0: 12.3188677
Level3: 0: 9.6201596
Level4: 0: 9.6395823
Level5: 4: 36.5581668
Level6: 0: 8.7009965
