Level1: 6: 280.0345742
Level2: 1: 90.0384156
Level3: 4: 239.6631134
Level4: 1: 197.8006665
Level5: 5: 89.6259073
Level1: 1: 16.4154248
