Level1: 0: 9.0878197
Level2: 0: 12.9185776
Level3: 0: 9.218141
Level4: 0: 11.5004894
Level5: 0: 8.2995834
